U+1B300	210 310 845 787 85
U+1B301	210 310 845 1117 85
U+1B302	210 310 845 1447 85
U+1B303	210 310 845 1777 85
U+1B304	210 310 845 2107 85
U+1B305	210 310 845 2437 85
U+1B306	210 310 845 2767 85
U+1B307	210 310 845 3097 85
U+1B308	210 310 845 3427 85
U+1B309	210 310 845 3757 85
U+1B30A	210 310 845 4087 85
U+1B30B	210 310 845 4417 85
U+1B30C	210 310 846 4747 85
U+1B30D	210 310 846 5077 85
U+1B30E	210 310 845 5407 85
U+1B30F	210 310 845 5737 85
U+1B310	210 310 1076 787 85
U+1B311	210 310 1076 1117 85
U+1B312	210 310 1076 1447 85
U+1B313	210 310 1076 1777 85
U+1B314	210 310 1076 2107 85
U+1B315	210 310 1076 2437 85
U+1B316	210 310 1076 2767 85
U+1B317	210 310 1076 3097 85
U+1B318	210 310 1076 3427 85
U+1B319	210 310 1076 3757 85
U+1B31A	210 310 1076 4087 85
U+1B31B	210 310 1076 4417 85
U+1B31C	210 310 1077 4747 85
U+1B31D	210 310 1077 5077 85
U+1B31E	210 310 1076 5407 85
U+1B31F	210 310 1076 5737 85
U+1B320	210 310 1307 787 85
U+1B321	210 310 1307 1117 85
U+1B322	210 310 1307 1447 85
U+1B323	210 310 1307 1777 85
U+1B324	210 310 1307 2107 85
U+1B325	210 310 1307 2437 85
U+1B326	210 310 1307 2767 85
U+1B327	210 310 1307 3097 85
U+1B328	210 310 1307 3427 85
U+1B329	210 310 1307 3757 85
U+1B32A	210 310 1307 4087 85
U+1B32B	210 310 1307 4417 85
U+1B32C	210 310 1308 4747 85
U+1B32D	210 310 1308 5077 85
U+1B32E	210 310 1307 5407 85
U+1B32F	210 310 1307 5737 85
U+1B330	210 310 1538 787 85
U+1B331	210 310 1538 1117 85
U+1B332	210 310 1538 1447 85
U+1B333	210 310 1538 1777 85
U+1B334	210 310 1538 2107 85
U+1B335	210 310 1538 2437 85
U+1B336	210 310 1538 2767 85
U+1B337	210 310 1538 3097 85
U+1B338	210 310 1538 3427 85
U+1B339	210 310 1538 3757 85
U+1B33A	210 310 1538 4087 85
U+1B33B	210 310 1538 4417 85
U+1B33C	210 310 1538 4747 85
U+1B33D	210 310 1538 5077 85
U+1B33E	210 310 1538 5407 85
U+1B33F	210 310 1538 5737 85
U+1B340	210 310 1769 787 85
U+1B341	210 310 1769 1117 85
U+1B342	210 310 1769 1447 85
U+1B343	210 310 1769 1777 85
U+1B344	210 310 1769 2107 85
U+1B345	210 310 1769 2437 85
U+1B346	210 310 1769 2767 85
U+1B347	210 310 1769 3097 85
U+1B348	210 310 1769 3427 85
U+1B349	210 310 1769 3757 85
U+1B34A	210 310 1769 4087 85
U+1B34B	210 310 1769 4417 85
U+1B34C	210 310 1769 4747 85
U+1B34D	210 310 1769 5077 85
U+1B34E	210 310 1769 5407 85
U+1B34F	210 310 1769 5737 85
U+1B350	210 310 2000 787 85
U+1B351	210 310 2000 1117 85
U+1B352	210 310 2000 1447 85
U+1B353	210 310 2000 1777 85
U+1B354	210 310 2000 2107 85
U+1B355	210 310 2000 2437 85
U+1B356	210 310 2000 2767 85
U+1B357	210 310 2000 3097 85
U+1B358	210 310 2000 3427 85
U+1B359	210 310 2000 3757 85
U+1B35A	210 310 2000 4087 85
U+1B35B	210 310 2000 4417 85
U+1B35C	210 310 2000 4747 85
U+1B35D	210 310 2000 5077 85
U+1B35E	210 310 2000 5407 85
U+1B35F	210 310 2000 5737 85
U+1B360	210 310 2230 787 85
U+1B361	210 310 2230 1117 85
U+1B362	210 310 2230 1447 85
U+1B363	210 310 2230 1777 85
U+1B364	210 310 2230 2107 85
U+1B365	210 310 2230 2437 85
U+1B366	210 310 2230 2767 85
U+1B367	210 310 2230 3097 85
U+1B368	210 310 2230 3427 85
U+1B369	210 310 2230 3757 85
U+1B36A	210 310 2230 4087 85
U+1B36B	210 310 2230 4417 85
U+1B36C	210 310 2231 4747 85
U+1B36D	210 310 2231 5077 85
U+1B36E	210 310 2230 5407 85
U+1B36F	210 310 2230 5737 85
U+1B370	210 310 2461 787 85
U+1B371	210 310 2461 1117 85
U+1B372	210 310 2461 1447 85
U+1B373	210 310 2461 1777 85
U+1B374	210 310 2461 2107 85
U+1B375	210 310 2461 2437 85
U+1B376	210 310 2461 2767 85
U+1B377	210 310 2461 3097 85
U+1B378	210 310 2461 3427 85
U+1B379	210 310 2461 3757 85
U+1B37A	210 310 2461 4087 85
U+1B37B	210 310 2461 4417 85
U+1B37C	210 310 2462 4747 85
U+1B37D	210 310 2462 5077 85
U+1B37E	210 310 2461 5407 85
U+1B37F	210 310 2461 5737 85
U+1B380	210 310 2692 787 85
U+1B381	210 310 2692 1117 85
U+1B382	210 310 2692 1447 85
U+1B383	210 310 2692 1777 85
U+1B384	210 310 2692 2107 85
U+1B385	210 310 2692 2437 85
U+1B386	210 310 2692 2767 85
U+1B387	210 310 2692 3097 85
U+1B388	210 310 2692 3427 85
U+1B389	210 310 2692 3757 85
U+1B38A	210 310 2692 4087 85
U+1B38B	210 310 2692 4417 85
U+1B38C	210 310 2693 4747 85
U+1B38D	210 310 2693 5077 85
U+1B38E	210 310 2692 5407 85
U+1B38F	210 310 2692 5737 85
U+1B390	210 310 2923 787 85
U+1B391	210 310 2923 1117 85
U+1B392	210 310 2923 1447 85
U+1B393	210 310 2923 1777 85
U+1B394	210 310 2923 2107 85
U+1B395	210 310 2923 2437 85
U+1B396	210 310 2923 2767 85
U+1B397	210 310 2923 3097 85
U+1B398	210 310 2923 3427 85
U+1B399	210 310 2923 3757 85
U+1B39A	210 310 2923 4087 85
U+1B39B	210 310 2923 4417 85
U+1B39C	210 310 2923 4747 85
U+1B39D	210 310 2923 5077 85
U+1B39E	210 310 2923 5407 85
U+1B39F	210 310 2923 5737 85
U+1B3A0	210 310 3154 787 85
U+1B3A1	210 310 3154 1117 85
U+1B3A2	210 310 3154 1447 85
U+1B3A3	210 310 3154 1777 85
U+1B3A4	210 310 3154 2107 85
U+1B3A5	210 310 3154 2437 85
U+1B3A6	210 310 3154 2767 85
U+1B3A7	210 310 3154 3097 85
U+1B3A8	210 310 3154 3427 85
U+1B3A9	210 310 3154 3757 85
U+1B3AA	210 310 3154 4087 85
U+1B3AB	210 310 3154 4417 85
U+1B3AC	210 310 3154 4747 85
U+1B3AD	210 310 3154 5077 85
U+1B3AE	210 310 3154 5407 85
U+1B3AF	210 310 3154 5737 85
U+1B3B0	210 310 3385 787 85
U+1B3B1	210 310 3385 1117 85
U+1B3B2	210 310 3385 1447 85
U+1B3B3	210 310 3385 1777 85
U+1B3B4	210 310 3385 2107 85
U+1B3B5	210 310 3385 2437 85
U+1B3B6	210 310 3385 2767 85
U+1B3B7	210 310 3385 3097 85
U+1B3B8	210 310 3385 3427 85
U+1B3B9	210 310 3385 3757 85
U+1B3BA	210 310 3385 4087 85
U+1B3BB	210 310 3385 4417 85
U+1B3BC	210 310 3385 4747 85
U+1B3BD	210 310 3385 5077 85
U+1B3BE	210 310 3385 5407 85
U+1B3BF	210 310 3385 5737 85
U+1B3C0	210 310 3616 787 85
U+1B3C1	210 310 3616 1117 85
U+1B3C2	210 310 3616 1447 85
U+1B3C3	210 310 3616 1777 85
U+1B3C4	210 310 3616 2107 85
U+1B3C5	210 310 3616 2437 85
U+1B3C6	210 310 3616 2767 85
U+1B3C7	210 310 3616 3097 85
U+1B3C8	210 310 3616 3427 85
U+1B3C9	210 310 3616 3757 85
U+1B3CA	210 310 3615 4087 85
U+1B3CB	210 310 3615 4417 85
U+1B3CC	210 310 3615 4747 85
U+1B3CD	210 310 3615 5077 85
U+1B3CE	210 310 3615 5407 85
U+1B3CF	210 310 3616 5737 85
U+1B3D0	210 310 3847 787 85
U+1B3D1	210 310 3847 1117 85
U+1B3D2	210 310 3847 1447 85
U+1B3D3	210 310 3847 1777 85
U+1B3D4	210 310 3847 2107 85
U+1B3D5	210 310 3847 2437 85
U+1B3D6	210 310 3847 2767 85
U+1B3D7	210 310 3847 3097 85
U+1B3D8	210 310 3847 3427 85
U+1B3D9	210 310 3847 3757 85
U+1B3DA	210 310 3846 4087 85
U+1B3DB	210 310 3846 4417 85
U+1B3DC	210 310 3846 4747 85
U+1B3DD	210 310 3846 5077 85
U+1B3DE	210 310 3846 5407 85
U+1B3DF	210 310 3847 5737 85
U+1B3E0	210 310 4077 787 85
U+1B3E1	210 310 4077 1117 85
U+1B3E2	210 310 4077 1447 85
U+1B3E3	210 310 4077 1777 85
U+1B3E4	210 310 4077 2107 85
U+1B3E5	210 310 4077 2437 85
U+1B3E6	210 310 4077 2767 85
U+1B3E7	210 310 4077 3097 85
U+1B3E8	210 310 4077 3427 85
U+1B3E9	210 310 4077 3757 85
U+1B3EA	210 310 4077 4087 85
U+1B3EB	210 310 4077 4417 85
U+1B3EC	210 310 4077 4747 85
U+1B3ED	210 310 4077 5077 85
U+1B3EE	210 310 4077 5407 85
U+1B3EF	210 310 4078 5737 85
U+1B3F0	210 310 4308 787 85
U+1B3F1	210 310 4308 1117 85
U+1B3F2	210 310 4308 1447 85
U+1B3F3	210 310 4308 1777 85
U+1B3F4	210 310 4308 2107 85
U+1B3F5	210 310 4308 2437 85
U+1B3F6	210 310 4308 2767 85
U+1B3F7	210 310 4308 3097 85
U+1B3F8	210 310 4308 3427 85
U+1B3F9	210 310 4308 3757 85
U+1B3FA	210 310 4308 4087 85
U+1B3FB	210 310 4308 4417 85
U+1B3FC	210 310 4308 4747 85
U+1B3FD	210 310 4308 5077 85
U+1B3FE	210 310 4308 5407 85
U+1B3FF	210 310 4308 5737 85
U+1B400	210 310 579 787 86
U+1B401	210 310 579 1117 86
U+1B402	210 310 579 1447 86
U+1B403	210 310 579 1777 86
U+1B404	210 310 579 2107 86
U+1B405	210 310 579 2437 86
U+1B406	210 310 579 2767 86
U+1B407	210 310 579 3097 86
U+1B408	210 310 579 3427 86
U+1B409	210 310 579 3757 86
U+1B40A	210 310 580 4087 86
U+1B40B	210 310 580 4417 86
U+1B40C	210 310 580 4747 86
U+1B40D	210 310 580 5077 86
U+1B40E	210 310 580 5407 86
U+1B40F	210 310 579 5737 86
U+1B410	210 310 810 787 86
U+1B411	210 310 810 1117 86
U+1B412	210 310 810 1447 86
U+1B413	210 310 810 1777 86
U+1B414	210 310 810 2107 86
U+1B415	210 310 810 2437 86
U+1B416	210 310 810 2767 86
U+1B417	210 310 810 3097 86
U+1B418	210 310 810 3427 86
U+1B419	210 310 810 3757 86
U+1B41A	210 310 810 4087 86
U+1B41B	210 310 810 4417 86
U+1B41C	210 310 810 4747 86
U+1B41D	210 310 810 5077 86
U+1B41E	210 310 810 5407 86
U+1B41F	210 310 810 5737 86
U+1B420	210 310 1041 787 86
U+1B421	210 310 1041 1117 86
U+1B422	210 310 1041 1447 86
U+1B423	210 310 1041 1777 86
U+1B424	210 310 1041 2107 86
U+1B425	210 310 1041 2437 86
U+1B426	210 310 1041 2767 86
U+1B427	210 310 1041 3097 86
U+1B428	210 310 1041 3427 86
U+1B429	210 310 1041 3757 86
U+1B42A	210 310 1041 4087 86
U+1B42B	210 310 1041 4417 86
U+1B42C	210 310 1041 4747 86
U+1B42D	210 310 1041 5077 86
U+1B42E	210 310 1041 5407 86
U+1B42F	210 310 1041 5737 86
U+1B430	210 310 1272 787 86
U+1B431	210 310 1272 1117 86
U+1B432	210 310 1272 1447 86
U+1B433	210 310 1272 1777 86
U+1B434	210 310 1272 2107 86
U+1B435	210 310 1272 2437 86
U+1B436	210 310 1272 2767 86
U+1B437	210 310 1272 3097 86
U+1B438	210 310 1272 3427 86
U+1B439	210 310 1272 3757 86
U+1B43A	210 310 1272 4087 86
U+1B43B	210 310 1272 4417 86
U+1B43C	210 310 1272 4747 86
U+1B43D	210 310 1272 5077 86
U+1B43E	210 310 1272 5407 86
U+1B43F	210 310 1272 5737 86
U+1B440	210 310 1502 787 86
U+1B441	210 310 1502 1117 86
U+1B442	210 310 1502 1447 86
U+1B443	210 310 1502 1777 86
U+1B444	210 310 1502 2107 86
U+1B445	210 310 1502 2437 86
U+1B446	210 310 1502 2767 86
U+1B447	210 310 1502 3097 86
U+1B448	210 310 1502 3427 86
U+1B449	210 310 1502 3757 86
U+1B44A	210 310 1503 4087 86
U+1B44B	210 310 1503 4417 86
U+1B44C	210 310 1503 4747 86
U+1B44D	210 310 1503 5077 86
U+1B44E	210 310 1503 5407 86
U+1B44F	210 310 1502 5737 86
U+1B450	210 310 1733 787 86
U+1B451	210 310 1733 1117 86
U+1B452	210 310 1733 1447 86
U+1B453	210 310 1733 1777 86
U+1B454	210 310 1733 2107 86
U+1B455	210 310 1733 2437 86
U+1B456	210 310 1733 2767 86
U+1B457	210 310 1733 3097 86
U+1B458	210 310 1733 3427 86
U+1B459	210 310 1733 3757 86
U+1B45A	210 310 1734 4087 86
U+1B45B	210 310 1734 4417 86
U+1B45C	210 310 1734 4747 86
U+1B45D	210 310 1734 5077 86
U+1B45E	210 310 1734 5407 86
U+1B45F	210 310 1733 5737 86
U+1B460	210 310 1964 787 86
U+1B461	210 310 1964 1117 86
U+1B462	210 310 1964 1447 86
U+1B463	210 310 1964 1777 86
U+1B464	210 310 1964 2107 86
U+1B465	210 310 1964 2437 86
U+1B466	210 310 1964 2767 86
U+1B467	210 310 1964 3097 86
U+1B468	210 310 1964 3427 86
U+1B469	210 310 1964 3757 86
U+1B46A	210 310 1965 4087 86
U+1B46B	210 310 1965 4417 86
U+1B46C	210 310 1965 4747 86
U+1B46D	210 310 1965 5077 86
U+1B46E	210 310 1965 5407 86
U+1B46F	210 310 1964 5737 86
U+1B470	210 310 2195 787 86
U+1B471	210 310 2195 1117 86
U+1B472	210 310 2195 1447 86
U+1B473	210 310 2195 1777 86
U+1B474	210 310 2195 2107 86
U+1B475	210 310 2195 2437 86
U+1B476	210 310 2195 2767 86
U+1B477	210 310 2195 3097 86
U+1B478	210 310 2195 3427 86
U+1B479	210 310 2195 3757 86
U+1B47A	210 310 2195 4087 86
U+1B47B	210 310 2195 4417 86
U+1B47C	210 310 2195 4747 86
U+1B47D	210 310 2195 5077 86
U+1B47E	210 310 2195 5407 86
U+1B47F	210 310 2195 5737 86
U+1B480	210 310 2426 787 86
U+1B481	210 310 2426 1117 86
U+1B482	210 310 2426 1447 86
U+1B483	210 310 2426 1777 86
U+1B484	210 310 2426 2107 86
U+1B485	210 310 2426 2437 86
U+1B486	210 310 2426 2767 86
U+1B487	210 310 2426 3097 86
U+1B488	210 310 2426 3427 86
U+1B489	210 310 2426 3757 86
U+1B48A	210 310 2426 4087 86
U+1B48B	210 310 2426 4417 86
U+1B48C	210 310 2426 4747 86
U+1B48D	210 310 2426 5077 86
U+1B48E	210 310 2426 5407 86
U+1B48F	210 310 2426 5737 86
U+1B490	210 310 2657 787 86
U+1B491	210 310 2657 1117 86
U+1B492	210 310 2657 1447 86
U+1B493	210 310 2657 1777 86
U+1B494	210 310 2657 2107 86
U+1B495	210 310 2657 2437 86
U+1B496	210 310 2657 2767 86
U+1B497	210 310 2657 3097 86
U+1B498	210 310 2657 3427 86
U+1B499	210 310 2657 3757 86
U+1B49A	210 310 2657 4087 86
U+1B49B	210 310 2657 4417 86
U+1B49C	210 310 2657 4747 86
U+1B49D	210 310 2657 5077 86
U+1B49E	210 310 2657 5407 86
U+1B49F	210 310 2657 5737 86
U+1B4A0	210 310 2888 787 86
U+1B4A1	210 310 2888 1117 86
U+1B4A2	210 310 2888 1447 86
U+1B4A3	210 310 2888 1777 86
U+1B4A4	210 310 2888 2107 86
U+1B4A5	210 310 2888 2437 86
U+1B4A6	210 310 2888 2767 86
U+1B4A7	210 310 2888 3097 86
U+1B4A8	210 310 2888 3427 86
U+1B4A9	210 310 2888 3757 86
U+1B4AA	210 310 2887 4087 86
U+1B4AB	210 310 2887 4417 86
U+1B4AC	210 310 2888 4747 86
U+1B4AD	210 310 2888 5077 86
U+1B4AE	210 310 2887 5407 86
U+1B4AF	210 310 2888 5737 86
U+1B4B0	210 310 3119 787 86
U+1B4B1	210 310 3119 1117 86
U+1B4B2	210 310 3119 1447 86
U+1B4B3	210 310 3119 1777 86
U+1B4B4	210 310 3119 2107 86
U+1B4B5	210 310 3119 2437 86
U+1B4B6	210 310 3119 2767 86
U+1B4B7	210 310 3119 3097 86
U+1B4B8	210 310 3119 3427 86
U+1B4B9	210 310 3119 3757 86
U+1B4BA	210 310 3118 4087 86
U+1B4BB	210 310 3118 4417 86
U+1B4BC	210 310 3119 4747 86
U+1B4BD	210 310 3119 5077 86
U+1B4BE	210 310 3118 5407 86
U+1B4BF	210 310 3119 5737 86
U+1B4C0	210 310 3350 787 86
U+1B4C1	210 310 3350 1117 86
U+1B4C2	210 310 3350 1447 86
U+1B4C3	210 310 3350 1777 86
U+1B4C4	210 310 3350 2107 86
U+1B4C5	210 310 3350 2437 86
U+1B4C6	210 310 3350 2767 86
U+1B4C7	210 310 3350 3097 86
U+1B4C8	210 310 3350 3427 86
U+1B4C9	210 310 3350 3757 86
U+1B4CA	210 310 3350 4087 86
U+1B4CB	210 310 3350 4417 86
U+1B4CC	210 310 3350 4747 86
U+1B4CD	210 310 3350 5077 86
U+1B4CE	210 310 3350 5407 86
U+1B4CF	210 310 3350 5737 86
U+1B4D0	210 310 3580 787 86
U+1B4D1	210 310 3580 1117 86
U+1B4D2	210 310 3580 1447 86
U+1B4D3	210 310 3580 1777 86
U+1B4D4	210 310 3580 2107 86
U+1B4D5	210 310 3580 2437 86
U+1B4D6	210 310 3580 2767 86
U+1B4D7	210 310 3580 3097 86
U+1B4D8	210 310 3580 3427 86
U+1B4D9	210 310 3580 3757 86
U+1B4DA	210 310 3580 4087 86
U+1B4DB	210 310 3580 4417 86
U+1B4DC	210 310 3580 4747 86
U+1B4DD	210 310 3580 5077 86
U+1B4DE	210 310 3580 5407 86
U+1B4DF	210 310 3580 5737 86
U+1B4E0	210 310 3811 787 86
U+1B4E1	210 310 3811 1117 86
U+1B4E2	210 310 3811 1447 86
U+1B4E3	210 310 3811 1777 86
U+1B4E4	210 310 3811 2107 86
U+1B4E5	210 310 3811 2437 86
U+1B500	244 310 1366 787 93
U+1B501	244 310 1366 1117 93
U+1B502	244 310 1366 1447 93
U+1B503	244 310 1366 1777 93
U+1B504	244 310 1366 2107 93
U+1B505	244 310 1366 2437 93
U+1B506	244 310 1366 2767 93
U+1B507	244 310 1366 3097 93
U+1B508	244 310 1366 3427 93
U+1B509	244 310 1366 3757 93
U+1B50A	244 310 1366 4087 93
U+1B50B	244 310 1366 4417 93
U+1B50C	244 310 1366 4747 93
U+1B50D	244 310 1366 5077 93
U+1B50E	244 310 1366 5407 93
U+1B50F	244 310 1366 5737 93
U+1B510	244 310 1629 787 93
U+1B511	244 310 1629 1117 93
U+1B512	244 310 1629 1447 93
U+1B513	244 310 1629 1777 93
U+1B514	244 310 1629 2107 93
U+1B515	244 310 1629 2437 93
U+1B516	244 310 1629 2767 93
U+1B517	244 310 1629 3097 93
U+1B518	244 310 1629 3427 93
U+1B519	244 310 1629 3757 93
U+1B51A	244 310 1630 4087 93
U+1B51B	244 310 1630 4417 93
U+1B51C	244 310 1630 4747 93
U+1B51D	244 310 1630 5077 93
U+1B51E	244 310 1630 5407 93
U+1B51F	244 310 1629 5737 93
U+1B520	244 310 1893 787 93
U+1B521	244 310 1893 1117 93
U+1B522	244 310 1893 1447 93
U+1B523	244 310 1893 1777 93
U+1B524	244 310 1893 2107 93
U+1B525	244 310 1893 2437 93
U+1B526	244 310 1893 2767 93
U+1B527	244 310 1893 3097 93
U+1B528	244 310 1893 3427 93
U+1B529	244 310 1893 3757 93
U+1B52A	244 310 1894 4087 93
U+1B52B	244 310 1894 4417 93
U+1B52C	244 310 1894 4747 93
U+1B52D	244 310 1894 5077 93
U+1B52E	244 310 1894 5407 93
